 0.000000 1219.830933
 0.998004 1219.425537
 1.996008 1219.306763
 2.994012 1218.943970
 3.992016 1218.910522
 4.990020 1218.642212
 5.988024 1218.480713
 6.986028 1218.328247
 7.984032 1218.203369
 8.982036 1218.084473
 9.980040 1217.858887
 10.978044 1217.700439
 11.976048 1217.328613
 12.974052 1217.124268
 13.972056 1216.944580
 14.970060 1216.770752
 15.968064 1216.703735
 16.966068 1216.560425
 17.964072 1216.347046
 18.962076 1216.240479
 19.960080 1216.005737
 20.958084 1215.899048
 21.956088 1215.640015
 22.954092 1215.450928
 23.952096 1215.216309
 24.950100 1214.942017
 25.948104 1214.795654
 26.946108 1214.585327
 27.944112 1214.512207
 28.942116 1214.371948
 29.940120 1214.250122
 30.938124 1214.109863
 31.936128 1213.841553
 32.934132 1213.701416
 33.932136 1213.527710
 34.930140 1213.265625
 35.928144 1212.991211
 36.926148 1212.628540
 37.924152 1212.476074
 38.922156 1212.271973
 39.920160 1212.006714
 40.918164 1211.836060
 41.916168 1211.723267
 42.914172 1211.634888
 43.912176 1211.397095
 44.910180 1211.180664
 45.908184 1210.918579
 46.906188 1210.766235
 47.904192 1210.016479
 48.902196 1209.836548
 49.900200 1209.729858
 50.898204 1209.562256
 51.896208 1209.428101
 52.894212 1209.242188
 53.892216 1209.065430
 54.890220 1208.833740
 55.888224 1208.672241
 56.886228 1208.379639
 57.884232 1208.379639
 58.882236 1208.096191
 59.880240 1207.888794
 60.878244 1207.303711
 61.876248 1207.117798
 62.874251 1206.812988
 63.872255 1206.584351
 64.870259 1206.322266
 65.868263 1206.111938
 66.866267 1206.066162
 67.864271 1205.837524
 68.862275 1205.602905
 69.860279 1205.316406
 70.858283 1205.078613
 71.856287 1204.289185
 72.854291 1203.947754
 73.852295 1203.551514
 74.850299 1203.551514
 75.848303 1203.246704
 76.846307 1202.938965
 77.844311 1202.521362
 78.842315 1202.237915
 79.840319 1201.750244
 80.838323 1201.469849
 81.836327 1201.079712
 82.834331 1200.777954
 83.832335 1200.771851
 84.830339 1200.052490
 85.828343 1199.637939
 86.826347 1198.882080
 87.824351 1198.101807
 88.822355 1197.379395
 89.820359 1196.928223
 90.818363 1196.407104
 91.816367 1196.407104
 92.814371 1195.526245
 93.812375 1195.151367
 94.810379 1194.706299
 95.808383 1194.325195
 96.806387 1193.605957
 97.804391 1193.179199
 98.802395 1192.770874
 99.800399 1192.420288
 100.798403 1192.420288
 101.796407 1192.075806
 102.794411 1191.676514
 103.792415 1191.176758
 104.790419 1190.539673
 105.788423 1190.143433
 106.786427 1189.762451
 107.784431 1188.753540
 108.782435 1188.753540
 109.780439 1188.150024
 110.778443 1187.647095
 111.776447 1186.900391
 112.774451 1186.357788
 113.772455 1185.735962
 114.770459 1185.254395
 115.768463 1184.778931
 116.766467 1184.035156
 117.764471 1184.035156
 118.762475 1183.510986
 119.760479 1183.318970
 120.758483 1182.331421
 121.756487 1181.819336
 122.754491 1181.389526
 123.752495 1180.871460
 124.750499 1180.264893
 125.748503 1180.264893
 126.746507 1179.438843
 127.744511 1179.036499
 128.742515 1178.448242
 129.740519 1178.030640
 130.738523 1177.433228
 131.736527 1177.152832
 132.734531 1176.558472
 133.732535 1176.183594
 134.730539 1176.183594
 135.728543 1175.903198
 136.726547 1175.854370
 137.724551 1175.677612
 138.722555 1175.546509
 139.720559 1175.226562
 140.718563 1175.034546
 141.716567 1174.997925
 142.714571 1174.997925
 143.712575 1174.784546
 144.710579 1174.650513
 145.708583 1174.623047
 146.706587 1174.531616
 147.704591 1174.543823
 148.702595 1174.504150
 149.700599 1174.437012
 150.698603 1174.406616
 151.696607 1174.321289
 152.694611 1174.254272
 153.692615 1174.232910
 154.690619 1174.126221
 155.688623 1174.098755
 156.686627 1173.870117
 157.684631 1173.845703
 158.682635 1173.864014
 159.680639 1173.864014
 160.678643 1173.848755
 161.676647 1173.809204
 162.674651 1173.751221
 163.672655 1173.714722
 164.670659 1173.653809
 165.668663 1173.534912
 166.666667 1173.577515
 167.664671 1173.550171
 168.662675 1173.531860
 169.660679 1173.443359
 170.658683 1173.382446
 171.656687 1173.370239
 172.654691 1173.303223
 173.652695 1173.309326
 174.650699 1173.239258
 175.648703 1173.172119
 176.646707 1173.172119
 177.644711 1173.095947
 178.642715 1173.031982
 179.640719 1172.983276
 180.638723 1172.989258
 181.636727 1172.678467
 182.634731 1172.507690
 183.632735 1172.407104
 184.630739 1172.297485
 185.628743 1172.266968
 186.626747 1172.367554
 187.624750 1172.623535
 188.622754 1173.397705
 189.620758 1173.598877
 190.618762 1173.659912
 191.616766 1173.656860
 192.614770 1173.659912
 193.612774 1173.659912
 194.610778 1173.687256
 195.608782 1173.687256
 196.606786 1173.681152
 197.604790 1173.671997
 198.602794 1173.662964
 199.600798 1173.531860
 200.598802 1173.385498
 201.596806 1173.324585
 202.594810 1173.126465
 203.592814 1172.602173
 204.590818 1172.263916
 205.588822 1172.053589
 206.586826 1172.023071
 207.584830 1172.138916
 208.582834 1172.093140
 209.580838 1172.053589
 210.578842 1172.053589
 211.576846 1172.020020
 212.574850 1172.242554
 213.572854 1172.498535
 214.570858 1172.751587
 215.568862 1172.910034
 216.566866 1172.870361
 217.564870 1172.428467
 218.562874 1172.370605
 219.560878 1172.151001
 220.558882 1171.791382
 221.556886 1171.666504
 222.554890 1171.904175
 223.552894 1171.934692
 224.550898 1172.059692
 225.548902 1172.090088
 226.546906 1172.105347
 227.544910 1172.087036
 228.542914 1172.093140
 229.540918 1172.038330
 230.538922 1172.013916
 231.536926 1171.849365
 232.534930 1171.794434
 233.532934 1171.745728
 234.530938 1171.663452
 235.528942 1171.672607
 236.526946 1171.626831
 237.524950 1171.703003
 238.522954 1171.657349
 239.520958 1171.712158
 240.518962 1171.766968
 241.516966 1171.639038
 242.514970 1171.779175
 243.512974 1171.898071
 244.510978 1171.956055
 245.508982 1171.922485
 246.506986 1171.962158
 247.504990 1171.971313
 248.502994 1171.983521
 249.500998 1171.986572
 250.499002 1171.995605
 251.497006 1171.959106
 252.495010 1171.931641
 253.493014 1171.959106
 254.491018 1171.977417
 255.489022 1171.971313
 256.487026 1172.059692
 257.485030 1172.065796
 258.483034 1172.065796
 259.481038 1172.059692
 260.479042 1172.059692
 261.477046 1172.074829
 262.475050 1172.068848
 263.473054 1172.096191
 264.471058 1172.099243
 265.469062 1172.132812
 266.467066 1172.090088
 267.465070 1172.145020
 268.463074 1172.083984
 269.461078 1172.138916
 270.459082 1172.169312
 271.457086 1172.251709
 272.455090 1172.276123
 273.453094 1172.257812
 274.451098 1172.145020
 275.449102 1172.093140
 276.447106 1172.044434
 277.445110 1172.044434
 278.443114 1172.001709
 279.441118 1171.965210
 280.439122 1171.919434
 281.437126 1171.943848
 282.435130 1171.913330
 283.433134 1171.907227
 284.431138 1171.846313
 285.429142 1171.803589
 286.427146 1171.803589
 287.425150 1171.754883
 288.423154 1171.684814
 289.421158 1171.599365
 290.419162 1171.218384
 291.417166 1170.889160
 292.415170 1170.666748
 293.413174 1170.563110
 294.411178 1170.563110
 295.409182 1170.410645
 296.407186 1170.252197
 297.405190 1170.127197
 298.403194 1170.026611
 299.401198 1170.023560
 300.399202 1170.026611
 301.397206 1169.974854
 302.395210 1169.950439
 303.393214 1169.950439
 304.391218 1169.977905
 305.389222 1170.023560
 306.387226 1170.331421
 307.385230 1170.557007
 308.383234 1170.477661
 309.381238 1170.480713
 310.379242 1170.605713
 311.377246 1170.605713
 312.375249 1170.721558
 313.373253 1170.849609
 314.371257 1171.139160
 315.369261 1171.218384
 316.367265 1171.315918
 317.365269 1171.331177
 318.363273 1171.276367
 319.361277 1171.233643
 320.359281 1171.233643
 321.357285 1171.218384
 322.355289 1171.230591
 323.353293 1171.175659
 324.351297 1171.151367
 325.349301 1171.209595
 326.347305 1171.050781
 327.345309 1171.005005
 328.343313 1171.005005
 329.341317 1170.974609
 330.339321 1170.907471
 331.337325 1170.910522
 332.335329 1170.925781
 333.333333 1170.931885
 334.331337 1170.913574
 335.329341 1170.904419
 336.327345 1170.858765
 337.325349 1170.858765
 338.323353 1170.843506
 339.321357 1170.873901
 340.319361 1170.892212
 341.317365 1170.855713
 342.315369 1170.791626
 343.313373 1170.742920
 344.311377 1170.755127
 345.309381 1170.755127
 346.307385 1170.752075
 347.305389 1170.709351
 348.303393 1170.691162
 349.301397 1170.627075
 350.299401 1170.596558
 351.297405 1170.572266
 352.295409 1170.401489
 353.293413 1170.337524
 354.291417 1170.337524
 355.289421 1170.069336
 356.287425 1169.968750
 357.285429 1170.051025
 358.283433 1170.218628
 359.281437 1170.264404
 360.279441 1170.215576
 361.277445 1170.730713
 362.275449 1170.730713
 363.273453 1171.239746
 364.271457 1172.212036
 365.269461 1172.681396
 366.267465 1173.263672
 367.265469 1174.126221
 368.263473 1174.817993
 369.261477 1175.628906
 370.259481 1175.735474
 371.257485 1176.448730
 372.255489 1177.372314
 373.253493 1177.975830
 374.251497 1178.698242
 375.249501 1179.758911
 376.247505 1180.469116
 377.245509 1181.042114
 378.243513 1181.822388
 379.241517 1181.822388
 380.239521 1182.465454
 381.237525 1184.047363
 382.235529 1184.656982
 383.233533 1185.458618
 384.231537 1185.964600
 385.229541 1186.708252
 386.227545 1187.223511
 387.225549 1187.601440
 388.223553 1188.143921
 389.221557 1189.384399
 390.219561 1189.789917
 391.217565 1190.713379
 392.215569 1191.137085
 393.213573 1191.774170
 394.211577 1192.145996
 395.209581 1192.755615
 396.207585 1192.755615
 397.205589 1193.200562
 398.203593 1193.971680
 399.201597 1194.319214
 400.199601 1195.419556
 401.197605 1195.840210
 402.195609 1196.461914
 403.193613 1196.718018
 404.191617 1197.132568
 405.189621 1197.479980
 406.187625 1198.211426
 407.185629 1198.562012
 408.183633 1199.162476
 409.181637 1199.455078
 410.179641 1200.146973
 411.177645 1200.323730
 412.175649 1200.610229
 413.173653 1201.448486
 414.171657 1201.728882
 415.169661 1202.466553
 416.167665 1202.725586
 417.165669 1203.444946
 418.163673 1203.850220
 419.161677 1204.429443
 420.159681 1204.618408
 421.157685 1205.014648
 422.155689 1205.288940
 423.153693 1205.938110
 424.151697 1206.346680
 425.149701 1206.840332
 426.147705 1207.108643
 427.145709 1207.315918
 428.143713 1208.248535
 429.141717 1208.480225
 430.139721 1208.940430
 431.137725 1209.044067
 432.135729 1209.498169
 433.133733 1209.671997
 434.131737 1210.363892
 435.129741 1210.034668
 436.127745 1211.314819
 437.125749 1211.552612
 438.123752 1212.006714
 439.121756 1212.235352
 440.119760 1212.875366
 441.117764 1212.954712
 442.115768 1213.143555
 443.113772 1213.939209
 444.111776 1214.109863
 445.109780 1214.844360
 446.107784 1215.051636
 447.105788 1215.594238
 448.103792 1215.834961
 449.101796 1216.810303
 450.099800 1217.048096
 451.097804 1217.959473
 452.095808 1218.291748
 453.093812 1218.950073
 454.091816 1219.159058
 455.089820 1219.669434
 456.087824 1219.791260
 457.085828 1221.111084
 458.083832 1221.229980
 459.081836 1220.855103
 460.079840 1221.610962
 461.077844 1221.802979
 462.075848 1222.406494
 463.073852 1222.406494
 464.071856 1223.046631
 465.069860 1223.241699
 466.067864 1223.741455
 467.065868 1223.805542
 468.063872 1224.451660
 469.061876 1224.576660
 470.059880 1225.061279
 471.057884 1225.192383
 472.055888 1225.481934
 473.053892 1225.838623
 474.051896 1226.109863
 475.049900 1226.862671
 476.047904 1226.966309
 477.045908 1227.758789
 478.043912 1227.917358
 479.041916 1228.377563
 480.039920 1228.377563
 481.037924 1229.267578
 482.035928 1229.614990
 483.033932 1229.834473
 484.031936 1230.066162
 485.029940 1230.779419
 486.027944 1230.895264
 487.025948 1231.422485
 488.023952 1231.681519
 489.021956 1231.681519
 490.019960 1232.281982
 491.017964 1232.449707
 492.015968 1232.979980
 493.013972 1233.166016
 494.011976 1234.007202
 495.009980 1234.430908
 496.007984 1234.860596
 497.005988 1234.860596
 498.003992 1235.387939
 499.001996 1235.576904
