 0.000000 1190.442139
 0.914808 1190.442139
 1.829616 1189.859985
 2.744424 1189.247314
 3.659232 1188.860229
 4.574040 1188.217163
 5.488848 1187.848267
 6.403656 1187.156372
 7.318464 1187.156372
 8.233271 1186.498047
 9.148079 1186.177979
 10.062887 1185.470825
 10.977695 1184.983154
 11.892503 1184.129761
 12.807311 1184.129761
 13.722119 1183.215332
 14.636927 1182.462402
 15.551735 1181.901611
 16.466543 1181.036011
 17.381351 1180.270996
 18.296159 1179.865601
 19.210967 1179.234619
 20.125775 1178.271484
 21.040583 1177.844727
 21.955391 1177.161987
 22.870199 1176.692627
 23.785007 1176.451782
 24.699814 1175.787354
 25.614622 1175.244873
 26.529430 1174.592529
 27.444238 1174.095703
 28.359046 1173.321533
 29.273854 1173.321533
 30.188662 1172.419312
 31.103470 1171.745728
 32.018278 1170.995972
 32.933086 1170.276611
 33.847894 1169.255493
 34.762702 1168.298462
 35.677510 1168.298462
 36.592318 1167.554688
 37.507126 1167.152344
 38.421934 1166.414795
 39.336742 1165.844727
 40.251550 1165.149780
 41.166357 1165.149780
 42.081165 1164.320801
 42.995973 1163.531372
 43.910781 1162.766357
 44.825589 1161.976807
 45.740397 1161.266602
 46.655205 1160.855225
 47.570013 1160.327881
 48.484821 1159.596313
 49.399629 1159.239746
 50.314437 1158.630127
 51.229245 1158.270508
 52.144053 1158.060181
 53.058861 1157.633423
 53.973669 1157.423218
 54.888477 1156.722168
 55.803285 1156.255737
 56.718093 1155.621704
 57.632900 1155.621704
 58.547708 1155.091431
 59.462516 1154.658569
 60.377324 1154.161865
 61.292132 1153.939209
 62.206940 1153.622314
 63.121748 1153.497314
 64.036556 1153.381470
 64.951364 1153.195557
 65.866172 1153.137695
 66.780980 1152.979126
 67.695788 1152.814575
 68.610596 1152.381714
 69.525404 1152.381714
 70.440212 1152.080078
 71.355020 1151.787476
 72.269828 1151.208252
 73.184636 1150.860840
 74.099443 1150.193359
 75.014251 1150.193359
 75.929059 1149.461792
 76.843867 1148.766846
 77.758675 1148.221191
 78.673483 1147.453125
 79.588291 1146.934937
 80.503099 1146.831421
 81.417907 1146.313232
 82.332715 1145.615234
 83.247523 1145.167114
 84.162331 1144.487427
 85.077139 1144.130859
 85.991947 1143.957031
 86.906755 1143.329224
 87.821563 1142.945190
 88.736371 1142.466675
 89.651179 1142.015503
 90.565986 1141.363159
 91.480794 1140.912109
 92.395602 1141.131592
 93.310410 1140.686523
 94.225218 1139.787354
 95.140026 1139.363770
 96.054834 1138.693237
 96.969642 1138.007446
 97.884450 1138.007446
 98.799258 1137.291138
 99.714066 1136.907104
 100.628874 1136.333984
 101.543682 1135.843262
 102.458490 1135.105713
 103.373298 1135.105713
 104.288106 1134.377197
 105.202914 1133.901733
 106.117722 1133.325684
 107.032529 1132.780029
 107.947337 1132.307617
 108.862145 1132.100342
 109.776953 1131.624878
 110.691761 1130.972656
 111.606569 1130.600830
 112.521377 1129.994263
 113.436185 1129.582764
 114.350993 1129.320679
 115.265801 1128.902954
 116.180609 1128.302612
 117.095417 1127.635132
 118.010225 1127.202148
 118.925033 1126.510254
 119.839841 1125.833618
 120.754649 1125.580688
 121.669457 1125.156982
 122.584265 1124.553467
 123.499072 1124.184692
 124.413880 1123.517212
 125.328688 1123.093506
 126.243496 1122.846558
 127.158304 1122.176025
 128.073112 1121.935303
 128.987920 1121.752441
 129.902728 1121.377563
 130.817536 1120.786255
 131.732344 1120.786255
 132.647152 1120.243652
 133.561960 1119.978516
 134.476768 1119.408569
 135.391576 1119.167725
 136.306384 1118.689209
 137.221192 1118.689209
 138.136000 1118.067383
 139.050808 1117.546143
 139.965615 1117.314453
 140.880423 1116.933472
 141.795231 1116.872559
 142.710039 1116.503784
 143.624847 1116.503784
 144.539655 1116.162354
 145.454463 1116.058716
 146.369271 1115.525391
 147.284079 1115.424805
 148.198887 1115.132202
 149.113695 1114.955322
 150.028503 1114.812134
 150.943311 1114.455566
 151.858119 1114.269531
 152.772927 1113.961670
 153.687735 1113.852051
 154.602543 1113.675171
 155.517351 1113.583740
 156.432158 1113.281982
 157.346966 1113.138794
 158.261774 1112.840088
 159.176582 1112.501709
 160.091390 1112.501709
 161.006198 1112.263916
 161.921006 1112.148193
 162.835814 1111.818970
 163.750622 1111.648193
 164.665430 1111.285522
 165.580238 1111.285522
 166.495046 1110.999023
 167.409854 1110.907593
 168.324662 1110.709473
 169.239470 1110.383423
 170.154278 1110.255371
 171.069086 1109.907837
 171.983894 1109.907837
 172.898701 1109.599976
 173.813509 1109.456787
 174.728317 1109.164185
 175.643125 1108.679443
 176.557933 1107.713257
 177.472741 1107.713257
 178.387549 1106.631226
 179.302357 1105.924194
 180.217165 1105.930176
 181.131973 1106.180176
 182.046781 1106.335571
 182.961589 1106.433228
 183.876397 1106.469727
 184.791205 1106.478882
 185.706013 1106.457520
 186.620821 1106.500244
 187.535629 1106.503296
 188.450437 1106.469727
 189.365244 1106.451416
 190.280052 1106.414917
 191.194860 1106.329468
 192.109668 1106.143677
 193.024476 1105.753418
 193.939284 1105.753418
 194.854092 1105.101196
 195.768900 1104.561646
 196.683708 1104.296509
 197.598516 1104.269043
 198.513324 1104.198975
 199.428132 1104.214233
 200.342940 1104.147217
 201.257748 1104.073975
 202.172556 1104.058716
 203.087364 1103.936890
 204.002172 1103.869873
 204.916980 1103.903320
 205.831787 1103.903320
 206.746595 1103.894165
 207.661403 1103.878906
 208.576211 1103.781372
 209.491019 1103.665527
 210.405827 1103.412598
 211.320635 1103.293701
 212.235443 1103.144409
 213.150251 1103.348511
 214.065059 1103.583252
 214.979867 1103.930786
 215.894675 1103.924683
 216.809483 1103.955078
 217.724291 1103.906372
 218.639099 1103.689941
 219.553907 1103.513184
 220.468715 1103.458374
 221.383523 1103.494873
 222.298330 1103.494873
 223.213138 1103.577148
 224.127946 1103.629028
 225.042754 1103.726562
 225.957562 1103.711304
 226.872370 1103.735718
 227.787178 1103.656372
 228.701986 1103.641235
 229.616794 1103.482666
 230.531602 1103.357666
 231.446410 1103.391235
 232.361218 1103.430908
 233.276026 1103.494873
 234.190834 1103.494873
 235.105642 1103.546753
 236.020450 1103.571045
 236.935258 1103.635132
 237.850066 1103.507080
 238.764873 1103.220581
 239.679681 1103.220581
 240.594489 1102.943237
 241.509297 1102.748047
 242.424105 1102.690186
 243.338913 1102.644531
 244.253721 1102.589600
 245.168529 1102.546997
 246.083337 1102.492065
 246.998145 1102.397583
 247.912953 1102.391479
 248.827761 1102.391479
 249.742569 1102.397583
 250.657377 1102.400635
 251.572185 1102.394531
 252.486993 1102.385376
 253.401801 1102.357910
 254.316609 1102.364014
 255.231416 1102.550049
 256.146224 1102.623169
 257.061032 1102.729858
 257.975840 1102.775513
 258.890648 1102.867065
 259.805456 1103.052856
 260.720264 1103.238892
 261.635072 1103.290649
 262.549880 1103.433960
 263.464688 1103.857666
 264.379496 1103.946045
 265.294304 1104.354370
 266.209112 1104.397095
 267.123920 1105.067627
 268.038728 1105.067627
 268.953536 1105.832764
 269.868344 1106.131470
 270.783152 1106.628174
 271.697959 1106.847656
 272.612767 1107.271362
 273.527575 1107.399414
 274.442383 1107.621826
 275.357191 1108.408325
 276.271999 1108.563721
 277.186807 1108.728271
 278.101615 1108.923340
 279.016423 1109.033081
 279.931231 1109.246460
 280.846039 1109.475098
 281.760847 1109.700562
 282.675655 1109.798218
 283.590463 1110.139526
 284.505271 1110.334595
 285.420079 1110.398560
 286.334887 1110.532715
 287.249695 1110.730835
 288.164502 1110.892334
 289.079310 1111.133179
 289.994118 1111.355713
 290.908926 1111.343506
 291.823734 1111.523315
 292.738542 1111.733643
 293.653350 1111.910400
 294.568158 1112.078125
 295.482966 1112.382812
 296.397774 1112.382812
 297.312582 1112.654053
 298.227390 1112.858398
 299.142198 1113.224121
 300.057006 1113.586792
 300.971814 1113.775879
 301.886622 1113.775879
 302.801430 1113.979980
 303.716238 1114.104980
 304.631045 1114.409790
 305.545853 1114.452515
 306.460661 1114.592651
 307.375469 1114.604858
 308.290277 1114.766479
 309.205085 1114.873047
 310.119893 1115.049927
 311.034701 1115.400391
 311.949509 1115.631958
 312.864317 1116.000854
 313.779125 1116.119751
 314.693933 1116.171509
 315.608741 1116.070923
 316.523549 1116.058716
 317.438357 1116.116699
 318.353165 1116.226318
 319.267973 1116.211182
 320.182781 1116.305664
 321.097588 1116.430664
 322.012396 1116.473267
 322.927204 1116.646973
 323.842012 1116.695801
 324.756820 1116.765869
 325.671628 1116.936523
 326.586436 1117.067627
 327.501244 1117.424316
 328.416052 1117.677246
 329.330860 1117.936279
 330.245668 1117.936279
 331.160476 1118.192383
 332.075284 1118.405762
 332.990092 1118.802002
 333.904900 1119.051880
 334.819708 1119.375000
 335.734516 1119.387207
 336.649324 1119.646240
 337.564131 1119.765137
 338.478939 1119.935791
 339.393747 1120.304565
 340.308555 1120.597168
 341.223363 1120.630737
 342.138171 1120.630737
 343.052979 1120.673462
 343.967787 1120.859375
 344.882595 1120.926392
 345.797403 1121.130615
 346.712211 1121.581665
 347.627019 1121.728027
 348.541827 1122.096802
 349.456635 1122.301025
 350.371443 1122.493042
 351.286251 1122.743042
 352.201059 1123.047852
 353.115867 1123.078247
 354.030674 1123.395264
 354.945482 1123.630005
 355.860290 1123.834229
 356.775098 1124.078003
 357.689906 1124.038452
 358.604714 1124.038452
 359.519522 1124.233398
 360.434330 1124.510864
 361.349138 1124.669434
 362.263946 1124.937622
 363.178754 1125.166138
 364.093562 1125.379517
 365.008370 1125.333862
 365.923178 1125.376465
 366.837986 1125.629517
 367.752794 1125.781860
 368.667602 1125.995239
 369.582410 1126.044067
 370.497217 1126.044067
 371.412025 1126.190308
 372.326833 1126.455444
 373.241641 1126.614014
 374.156449 1126.866943
 375.071257 1126.994995
 375.986065 1126.927856
 376.900873 1127.177856
 377.815681 1127.308960
 378.730489 1127.461304
 379.645297 1127.720459
 380.560105 1128.031250
 381.474913 1127.982544
 382.389721 1128.214111
 383.304529 1128.461060
 384.219337 1128.662231
 385.134145 1128.835938
 386.048953 1129.082886
 386.963760 1129.085938
 387.878568 1129.323608
 388.793376 1129.646729
 389.708184 1129.914917
 390.622992 1130.067383
 391.537800 1130.308228
 392.452608 1130.606934
 393.367416 1130.597778
 394.282224 1130.929932
 395.197032 1131.259155
 396.111840 1131.515137
 397.026648 1131.527344
 397.941456 1131.893066
 398.856264 1131.893066
 399.771072 1132.283325
 400.685880 1132.652100
 401.600688 1133.060425
 402.515495 1133.395752
 403.430303 1133.673096
 404.345111 1133.673096
 405.259919 1133.865112
 406.174727 1134.133301
 407.089535 1134.377197
 408.004343 1134.663696
 408.919151 1134.849609
 409.833959 1134.828369
 410.748767 1134.965454
 411.663575 1135.069092
 412.578383 1135.166626
 413.493191 1135.261230
 414.407999 1135.273315
 415.322807 1135.316040
 416.237615 1135.343384
 417.152423 1135.383057
 418.067231 1135.389160
 418.982038 1135.416626
 419.896846 1135.498901
 420.811654 1135.562866
 421.726462 1135.544678
 422.641270 1135.657349
 423.556078 1135.614746
 424.470886 1135.602539
 425.385694 1135.614746
 426.300502 1135.630005
 427.215310 1135.614746
 428.130118 1135.581177
 429.044926 1135.584229
 429.959734 1135.587280
 430.874542 1135.623901
 431.789350 1135.727417
 432.704158 1135.727417
 433.618966 1135.818848
 434.533774 1135.895142
 435.448581 1136.017090
 436.363389 1136.062744
 437.278197 1136.062744
 438.193005 1136.020142
 439.107813 1135.977417
 440.022621 1135.968262
 440.937429 1135.986572
 441.852237 1135.953003
 442.767045 1136.017090
 443.681853 1136.065796
 444.596661 1136.203003
 445.511469 1136.388916
 446.426277 1136.452881
 447.341085 1136.626709
 448.255893 1136.712036
 449.170701 1137.050293
 450.085509 1137.248413
 451.000317 1137.400757
 451.915124 1137.699585
 452.829932 1137.763550
 453.744740 1138.040894
 454.659548 1138.080566
 455.574356 1138.223877
 456.489164 1138.476807
 457.403972 1138.787598
 458.318780 1138.952271
 459.233588 1139.205322
 460.148396 1139.577148
 461.063204 1139.577148
 461.978012 1139.881958
 462.892820 1140.104370
 463.807628 1140.287354
 464.722436 1140.500610
 465.637244 1140.662231
 466.552052 1140.662231
 467.466860 1140.979248
 468.381667 1141.326660
 469.296475 1141.616211
 470.211283 1141.860107
 471.126091 1142.067261
 472.040899 1141.908813
 472.955707 1142.088623
 473.870515 1142.414795
 474.785323 1142.692139
 475.700131 1143.045654
 476.614939 1143.265259
 477.529747 1143.576050
 478.444555 1143.576050
 479.359363 1143.816895
 480.274171 1143.996704
 481.188979 1144.164429
 482.103787 1144.411255
 483.018595 1144.667236
 483.933403 1144.731201
 484.848210 1144.950684
 485.763018 1145.215942
 486.677826 1145.478027
 487.592634 1145.813354
 488.507442 1146.075439
 489.422250 1146.145630
 490.337058 1146.462524
 491.251866 1146.712402
 492.166674 1147.093506
 493.081482 1147.331177
 493.996290 1147.648193
 494.911098 1147.648193
 495.825906 1147.940796
 496.740714 1148.184692
 497.655522 1148.413208
 498.570330 1148.663208
 499.485138 1148.870483
