 0.000000 1101.019897
 0.914808 1101.041260
 1.829616 1101.029053
 2.744424 1101.004639
 3.659232 1101.029053
 4.574040 1101.013794
 5.488848 1101.004639
 6.403656 1101.016846
 7.318464 1101.007690
 8.233271 1101.053345
 9.148079 1101.056396
 10.062887 1101.065552
 10.977695 1101.093018
 11.892503 1101.221069
 12.807311 1101.172363
 13.722119 1101.257690
 14.636927 1101.312500
 15.551735 1101.312500
 16.466543 1101.333862
 17.381351 1101.391724
 18.296159 1101.361206
 19.210967 1101.458862
 20.125775 1101.480225
 21.040583 1101.483276
 21.955391 1101.483276
 22.870199 1101.486328
 23.785007 1101.556396
 24.699814 1101.516724
 25.614622 1101.385620
 26.529430 1101.349121
 27.444238 1101.349121
 28.359046 1101.391724
 29.273854 1101.437500
 30.188662 1101.346069
 31.103470 1101.324707
 32.018278 1101.498413
 32.933086 1101.309448
 33.847894 1101.291138
 34.762702 1101.218018
 35.677510 1101.309448
 36.592318 1101.254639
 37.507126 1101.285034
 38.421934 1101.376465
 39.336742 1101.318604
 40.251550 1101.321655
 41.166357 1101.403931
 42.081165 1101.403931
 42.995973 1101.489380
 43.910781 1101.519775
 44.825589 1101.662964
 45.740397 1101.629517
 46.655205 1101.489380
 47.570013 1101.541138
 48.484821 1101.541138
 49.399629 1101.723999
 50.314437 1101.855103
 51.229245 1101.855103
 52.144053 1101.693481
 53.058861 1101.614258
 53.973669 1101.397827
 54.888477 1101.595947
 55.803285 1101.598999
 56.718093 1101.739258
 57.632900 1101.589844
 58.547708 1101.800171
 59.462516 1101.714844
 60.377324 1101.583862
 61.292132 1101.635620
 62.206940 1101.577759
 63.121748 1101.507568
 64.036556 1101.519775
 64.951364 1101.562500
 65.866172 1101.455811
 66.780980 1101.443604
 67.695788 1101.571655
 68.610596 1101.474121
 69.525404 1101.403931
 70.440212 1101.406982
 71.355020 1101.440552
 72.269828 1101.422241
 73.184636 1101.428345
 74.099443 1101.410034
 75.014251 1101.410034
 75.929059 1101.428345
 76.843867 1101.461914
 77.758675 1101.461914
 78.673483 1101.458862
 79.588291 1101.471069
 80.503099 1101.434448
 81.417907 1101.434448
 82.332715 1101.425293
 83.247523 1101.440552
 84.162331 1101.440552
 85.077139 1101.471069
 85.991947 1101.480225
 86.906755 1101.437500
 87.821563 1101.437500
 88.736371 1101.504517
 89.651179 1101.449707
 90.565986 1101.419189
 91.480794 1101.443604
 92.395602 1101.495361
 93.310410 1101.501465
 94.225218 1101.483276
 95.140026 1101.461914
 96.054834 1101.455811
 96.625892 1101.486328
 97.540700 1101.443604
 98.455508 1101.425293
 99.370316 1101.507568
 100.285124 1101.507568
 101.199932 1101.522827
 102.114740 1101.535034
 103.029548 1101.513672
 103.944356 1101.495361
 104.859164 1101.489380
 105.773972 1101.489380
 106.688780 1101.538086
 107.603587 1101.541138
 108.518395 1101.571655
 109.433203 1101.602051
 110.348011 1101.623413
 111.262819 1101.623413
 112.177627 1101.571655
 113.092435 1101.571655
 114.007243 1101.602051
 114.922051 1101.605103
 115.836859 1101.617310
 116.751667 1101.635620
 117.666475 1101.635620
 118.581283 1101.656982
 119.496091 1101.708740
 120.410899 1101.708740
 121.325707 1101.666016
 122.240515 1101.641724
 123.155323 1101.696533
 124.070130 1101.696533
 124.984938 1101.730103
 125.899746 1101.708740
 126.814554 1101.720947
 127.729362 1101.720947
 128.644170 1101.745361
 129.558978 1101.739258
 130.473786 1101.733154
 131.388594 1101.705688
 132.303402 1101.696533
 133.218210 1101.666016
 134.133018 1101.666016
 135.047826 1101.662964
 135.962634 1101.687378
 136.877442 1101.714844
 137.792250 1101.736206
 138.707058 1101.760498
 139.621866 1101.791016
 140.536673 1101.781860
 141.451481 1101.781860
 142.366289 1101.739258
 143.281097 1101.775757
 144.195905 1101.815430
 145.110713 1101.827637
 146.025521 1101.824585
 146.940329 1101.845947
 147.855137 1101.839844
 148.769945 1101.839844
 149.684753 1101.830688
 150.599561 1101.855103
 151.514369 1101.876465
 152.429177 1101.897705
 153.343985 1101.885620
 154.258793 1101.928223
 155.173601 1101.909912
 156.088408 1101.909912
 157.003216 1101.940430
 157.918024 1101.940430
 158.832832 1101.964844
 159.747640 1101.955688
 160.662448 1101.946533
 161.577256 1101.925171
 162.492064 1101.934326
 163.406872 1101.949585
 164.321680 1101.973877
 165.236488 1102.001343
 166.151296 1102.059204
 167.066104 1102.019653
 167.980912 1102.041016
 168.895720 1102.092773
 169.810528 1102.080566
 170.725336 1102.086670
 171.640144 1102.068359
 172.554951 1102.089722
 173.469759 1102.098877
 174.384567 1102.098877
 175.299375 1102.111084
 176.214183 1102.098877
 177.128991 1102.135498
 178.043799 1102.111084
 178.958607 1102.080566
 179.873415 1102.108032
 180.788223 1102.080566
 181.703031 1102.068359
 182.617839 1102.104980
 183.532647 1102.166016
 184.447455 1102.166016
 185.362263 1102.187378
 186.277071 1102.184326
 187.191879 1102.172119
 188.106687 1102.159912
 189.021494 1102.111084
 189.936302 1102.120239
 190.851110 1102.101929
 191.765918 1102.101929
 192.680726 1102.104980
 193.595534 1102.117188
 194.510342 1102.114136
 195.287234 1102.129395
 196.202042 1102.156860
 197.116850 1102.156860
 198.031657 1102.129395
 198.946465 1102.123291
 199.861273 1102.138550
 200.776081 1102.156860
 201.690889 1102.181274
 202.605697 1102.178223
 203.520505 1102.153809
 204.435313 1102.141602
 205.350121 1102.144653
 206.264929 1102.153809
 207.179737 1102.172119
 208.094545 1102.199463
 209.009353 1102.211670
 209.924161 1102.248291
 210.838969 1102.208618
 211.753777 1102.181274
 212.668585 1102.181274
 213.583393 1102.190430
 214.498200 1102.202515
 215.413008 1102.196411
 216.327816 1102.214722
 217.242624 1102.226929
 218.157432 1102.254395
 219.072240 1102.248291
 219.987048 1102.229980
 220.901856 1102.202515
 221.816664 1102.214722
 222.731472 1102.217773
 223.646280 1102.233032
 224.561088 1102.245239
 225.475896 1102.245239
 226.390704 1102.248291
 227.305512 1102.233032
 228.220320 1102.245239
 229.135128 1102.257446
 230.049936 1102.290894
 230.964743 1102.300049
 231.879551 1102.327515
 232.794359 1102.309204
 233.709167 1102.327515
 234.623975 1102.312256
 235.538783 1102.333618
 236.453591 1102.327515
 237.368399 1102.318359
 238.283207 1102.296997
 239.198015 1102.318359
 240.112823 1102.318359
 241.027631 1102.293945
 241.942439 1102.330566
 242.857247 1102.287842
 243.772055 1102.330566
 244.686863 1102.333618
 245.601671 1102.367065
 246.516479 1102.397583
 247.431286 1102.409790
 248.346094 1102.400635
 249.260902 1102.388428
 250.175710 1102.379272
 251.090518 1102.370117
 252.005326 1102.385376
 252.920134 1102.379272
 253.834942 1102.379272
 254.749750 1102.400635
 255.664558 1102.400635
 256.579366 1102.394531
 257.494174 1102.403687
 258.408982 1102.425049
 259.323790 1102.425049
 260.238598 1102.473877
 261.153406 1102.473877
 262.068214 1102.467773
 262.983022 1102.507324
 263.897829 1102.489014
 264.812637 1102.492065
 265.727445 1102.501221
 266.642253 1102.537842
 267.557061 1102.525635
 268.471869 1102.580444
 269.386677 1102.604858
 270.301485 1102.604858
 271.216293 1102.626221
 272.131101 1102.607910
 273.045909 1102.607910
 273.960717 1102.598755
 274.875525 1102.607910
 275.790333 1102.620117
 276.705141 1102.644531
 277.619949 1102.650635
 278.534757 1102.674927
 279.449565 1102.699341
 280.364372 1102.662720
 281.279180 1102.659668
 282.193988 1102.674927
 283.108796 1102.687134
 284.023604 1102.684082
 284.938412 1102.690186
 285.853220 1102.705444
 286.768028 1102.760254
 287.682836 1102.760254
 288.597644 1102.751099
 289.512452 1102.729858
 290.427260 1102.717651
 291.342068 1102.748047
 292.256876 1102.812134
 293.171684 1102.781616
 293.991111 1102.806030
 294.905919 1102.870117
 295.820727 1102.851807
 296.735534 1102.857910
 297.650342 1102.857910
 298.565150 1102.857910
 299.479958 1102.879272
 300.394766 1102.827393
 301.309574 1102.864014
 302.224382 1102.864014
 303.139190 1102.842651
 304.053998 1102.848755
 304.968806 1102.848755
 305.883614 1102.888306
 306.798422 1102.897461
 307.713230 1102.940186
 308.628038 1102.973633
 309.542846 1102.976685
 310.457654 1102.927979
 311.372462 1102.955444
 312.287270 1102.964478
 313.202077 1102.998047
 314.116885 1102.985840
 315.031693 1103.010254
 315.946501 1103.031616
 316.861309 1103.019409
 317.776117 1103.037598
 318.690925 1103.040649
 319.605733 1103.049805
 320.520541 1103.025513
 321.435349 1103.022461
 322.350157 1103.058960
 323.264965 1103.092529
 324.179773 1103.104736
 325.094581 1103.129150
 326.009389 1103.098633
 326.924197 1103.162720
 327.839005 1103.123047
 328.753813 1103.144409
 329.668620 1103.187012
 330.583428 1103.177979
 331.498236 1103.187012
 332.413044 1103.177979
 333.327852 1103.150513
 334.242660 1103.226685
 335.157468 1103.174927
 336.072276 1103.116943
 336.987084 1103.193115
 337.901892 1103.223633
 338.816700 1103.193115
 339.731508 1103.168823
 340.646316 1103.229736
 341.561124 1103.251099
 342.475932 1103.263184
 343.390740 1103.229736
 344.305548 1103.193115
 345.220356 1103.214478
 346.135163 1103.248047
 347.049971 1103.263184
 347.964779 1103.263184
 348.879587 1103.266235
 349.794395 1103.278442
 350.709203 1103.269287
 351.624011 1103.296753
 352.538819 1103.299805
 353.453627 1103.281494
 354.368435 1103.260254
 355.283243 1103.275391
 356.198051 1103.266235
 357.112859 1103.275391
 358.027667 1103.290649
 358.942475 1103.290649
 359.857283 1103.302856
 360.772091 1103.302856
 361.686899 1103.308960
 362.601706 1103.299805
 363.516514 1103.312012
 364.431322 1103.372925
 365.346130 1103.372925
 366.260938 1103.385132
 367.175746 1103.379028
 368.090554 1103.372925
 369.005362 1103.397339
 369.920170 1103.397339
 370.834978 1103.418701
 371.749786 1103.412598
 372.664594 1103.379028
 373.579402 1103.406494
 374.494210 1103.406494
 375.409018 1103.397339
 376.323826 1103.415649
 377.238634 1103.446167
 378.153441 1103.443115
 379.068249 1103.443115
 379.983057 1103.437012
 380.897865 1103.433960
 381.812673 1103.482666
 382.727481 1103.494873
 383.642289 1103.494873
 384.557097 1103.507080
 385.471905 1103.516235
 386.386713 1103.510132
 387.301521 1103.494873
 388.216329 1103.494873
 389.131137 1103.494873
 390.045945 1103.516235
 390.960753 1103.519287
 391.875561 1103.528442
 392.367270 1103.528442
 393.282078 1103.497925
 394.196886 1103.473511
 395.111694 1103.507080
 396.026502 1103.522339
 396.941310 1103.519287
 397.856118 1103.519287
 398.770926 1103.531494
 399.685734 1103.546753
 400.600542 1103.543701
 401.515350 1103.522339
 402.430158 1103.510132
 403.344966 1103.504028
 404.259773 1103.531494
 405.174581 1103.528442
 406.089389 1103.519287
 407.004197 1103.598511
 407.919005 1103.567993
 408.833813 1103.580200
 409.748621 1103.583252
 410.663429 1103.610718
 411.578237 1103.638184
 412.493045 1103.635132
 413.407853 1103.595459
 414.322661 1103.583252
 415.237469 1103.574097
 416.152277 1103.610718
 417.067085 1103.607666
 417.981893 1103.598511
 418.896701 1103.598511
 419.811509 1103.671631
 420.726316 1103.656372
 421.641124 1103.720459
 422.555932 1103.668579
 423.470740 1103.756958
 424.385548 1103.781372
 425.300356 1103.869873
 426.215164 1103.930786
 427.129972 1103.885010
 428.044780 1103.915527
 428.959588 1103.909424
 429.874396 1103.970337
 430.789204 1104.025146
 431.704012 1103.967285
 432.618820 1104.034302
 433.533628 1104.003906
 434.448436 1103.991699
 435.363244 1104.016113
 436.278052 1103.958130
 437.192859 1103.985596
 438.107667 1103.921631
 439.022475 1103.973389
 439.937283 1104.010010
 440.852091 1103.961182
 441.766899 1104.046509
 442.681707 1104.040405
 443.596515 1104.098389
 444.511323 1104.107544
 445.426131 1104.128906
 446.340939 1104.135010
 447.255747 1104.110596
 448.170555 1104.141113
 449.085363 1104.238647
 450.000171 1104.223389
 450.914979 1104.265991
 451.829787 1104.299561
 452.744595 1104.323975
 453.659402 1104.293457
 454.574210 1104.208130
 455.489018 1104.320923
 456.403826 1104.235596
 457.318634 1104.302612
 458.233442 1104.311768
 459.148250 1104.156372
 460.063058 1104.235596
 460.977866 1103.976440
 461.892674 1104.043457
 462.807482 1104.052612
 463.722290 1103.906372
 464.637098 1103.982544
 465.551906 1103.939941
 466.466714 1104.040405
 467.381522 1103.933838
 468.296330 1103.872803
 469.211137 1103.863770
 470.125945 1103.872803
 471.040753 1103.936890
 471.955561 1103.900269
 472.870369 1103.906372
 473.785177 1103.891113
 474.699985 1103.894165
 475.614793 1103.900269
 476.529601 1103.900269
 477.444409 1103.918579
 478.359217 1103.936890
 479.274025 1103.976440
 480.188833 1103.970337
 481.103641 1103.958130
 482.018449 1103.985596
 482.933257 1103.964233
 483.848065 1103.952026
 484.762873 1103.967285
 485.677680 1103.979492
 486.592488 1104.003906
 487.507296 1104.003906
 488.422104 1104.003906
 489.288068 1104.028198
 490.202876 1104.003906
 491.117684 1104.025146
 492.032492 1104.000854
 492.947300 1103.976440
 493.862108 1103.970337
 494.776916 1104.000854
 495.691724 1103.982544
 496.606532 1103.985596
 497.521340 1103.967285
 498.436148 1103.967285
 499.350956 1103.900269
 500.265763 1103.946045
 501.180571 1104.025146
 502.095379 1104.165527
 503.010187 1104.083130
 503.924995 1104.290405
 504.839803 1104.345215
 505.754611 1104.372681
 506.669419 1104.329956
 507.584227 1104.448975
 508.499035 1104.522095
 509.413843 1104.589111
 510.328651 1104.583008
 511.243459 1104.583008
 512.158267 1104.607422
 513.073075 1104.677490
 513.987883 1104.643921
 514.902691 1104.613525
 515.817499 1104.662231
 516.732306 1104.729248
 517.647114 1104.833008
 518.561922 1104.918335
 519.476730 1104.933594
 520.391538 1104.957886
 521.306346 1104.924438
 522.221154 1104.918335
 523.135962 1104.918335
 524.050770 1104.909180
 524.965578 1104.970093
 525.880386 1104.982300
 526.795194 1104.790283
 527.710002 1104.878662
 528.624810 1104.912231
 529.539618 1104.869507
 530.454426 1104.896973
 531.369234 1104.872559
 532.284042 1105.000610
 533.198849 1105.009766
 534.113657 1104.930542
 535.028465 1104.896973
 535.943273 1104.896973
 536.858081 1104.915283
 537.772889 1104.887817
 538.687697 1104.860474
 539.602505 1104.851318
 540.517313 1104.848267
 541.432121 1104.860474
 542.346929 1104.808594
 543.261737 1104.829956
 544.176545 1104.842163
 545.091353 1104.857422
 546.006161 1104.845215
 546.920969 1104.842163
 547.835777 1104.842163
 548.750585 1104.863403
 549.665392 1105.012817
 550.580200 1105.095093
 551.495008 1105.277954
 552.409816 1105.277954
 553.324624 1105.433472
 554.239432 1105.332764
 555.154240 1105.195679
 556.069048 1105.046265
 556.983856 1105.064575
 557.898664 1105.055420
 558.813472 1105.027954
 559.728280 1104.951782
 560.643088 1105.015747
 561.557896 1104.942627
 562.472704 1104.848267
 563.387512 1104.771973
 564.302320 1104.762817
 565.217127 1104.762817
 566.131935 1104.781128
 567.046743 1104.704956
 567.961551 1104.686646
 568.876359 1104.750610
 569.791167 1104.686646
 570.705975 1104.680542
 571.620783 1104.714111
 572.535591 1104.689697
 573.450399 1104.689697
 574.365207 1104.695801
 575.280015 1104.619629
 576.194823 1104.677490
 577.109631 1104.677490
 578.024439 1104.653076
 578.939247 1104.634766
 579.854055 1104.646973
 580.768863 1104.558594
 581.117729 1104.558594
 582.032537 1104.506836
 582.947345 1104.506836
 583.862153 1104.476318
 584.776961 1104.525146
 585.691768 1104.537354
 586.606576 1104.616577
 587.521384 1104.592163
 588.436192 1104.610474
 589.351000 1104.558594
 590.265808 1104.628784
 591.180616 1104.659180
 592.095424 1104.762817
 593.010232 1104.720215
 593.925040 1104.653076
 594.839848 1104.659180
 595.754656 1104.610474
 596.669464 1104.534302
 597.584272 1104.567749
 598.499080 1104.567749
 599.413888 1104.552612
 600.328696 1104.534302
 601.243504 1104.598267
 602.158311 1104.519043
 603.073119 1104.537354
 603.987927 1104.714111
 604.902735 1104.610474
 605.817543 1104.619629
 606.732351 1104.522095
 607.647159 1104.458008
 608.561967 1104.491577
 609.476775 1104.394043
 610.391583 1104.394043
 611.306391 1104.436768
 612.221199 1104.458008
 613.136007 1104.259888
 614.050815 1104.259888
 614.965623 1104.055664
 615.880431 1104.144165
 616.795239 1104.077026
 617.710047 1104.208130
 618.624854 1104.208130
 619.539662 1104.323975
 620.454470 1104.323975
 621.369278 1104.375732
 622.284086 1104.415405
 623.198894 1104.488525
 624.113702 1104.512939
 625.028510 1104.579956
 625.943318 1104.564697
 626.858126 1104.503784
 627.772934 1104.390991
 628.687742 1104.372681
 629.602550 1104.372681
 630.517358 1104.363525
 631.432166 1104.339111
 632.346974 1104.308716
 633.261782 1104.250854
 634.176590 1104.250854
 635.091397 1104.269043
 636.006205 1104.329956
 636.921013 1104.397095
 637.835821 1104.378784
 638.750629 1104.497681
 639.665437 1104.400146
 640.580245 1104.180664
 641.495053 1104.180664
 642.409861 1104.183716
 643.324669 1104.241699
 644.239477 1104.162476
 645.154285 1104.345215
 646.069093 1104.415405
 646.983901 1104.351318
 647.898709 1104.244751
 648.813517 1104.083130
 649.728325 1104.083130
 650.643133 1103.927734
 651.557940 1103.927734
 652.472748 1103.909424
 653.387556 1103.961182
 654.302364 1103.894165
 655.217172 1103.891113
 656.131980 1103.891113
 657.046788 1103.891113
 657.961596 1103.912476
 658.876404 1103.918579
 659.791212 1103.885010
 660.706020 1103.897217
 661.620828 1103.924683
 662.535636 1103.881958
 663.450444 1103.918579
 664.365252 1103.906372
 665.280060 1103.906372
 666.194868 1103.866821
 667.109676 1103.857666
 668.024483 1103.793579
 668.939291 1103.796631
 669.854099 1103.830200
 670.768907 1103.842407
 671.683715 1103.860718
 672.598523 1103.775269
 673.513331 1103.817993
 674.428139 1103.781372
 675.342947 1103.726562
 676.257755 1103.714355
 677.172563 1103.714355
 678.087371 1103.738647
 679.002179 1103.723511
 679.836449 1103.711304
 680.751257 1103.756958
 681.666065 1103.738647
 682.580873 1103.647217
 683.495681 1103.549805
 684.410489 1103.357666
 685.325297 1103.488770
 686.240105 1103.753906
 687.154913 1103.946045
 688.069720 1103.939941
 688.984528 1103.842407
 689.899336 1103.952026
 690.814144 1103.900269
 691.728952 1103.924683
 692.643760 1103.924683
 693.558568 1103.878906
 694.473376 1103.863770
 695.388184 1103.894165
 696.302992 1103.808838
 697.217800 1103.860718
 698.132608 1103.769165
 699.047416 1103.735718
 699.962224 1103.735718
 700.877032 1103.723511
 701.791840 1103.577148
 702.706648 1103.616821
 703.621456 1103.607666
 704.536263 1103.504028
 705.451071 1103.583252
 706.365879 1103.577148
 707.280687 1103.580200
 708.195495 1103.580200
 709.110303 1103.571045
 710.025111 1103.629028
 710.939919 1103.635132
 711.854727 1103.616821
 712.769535 1103.555908
 713.684343 1103.519287
 714.599151 1103.589355
 715.513959 1103.577148
 716.428767 1103.613770
 717.343575 1103.555908
 718.258383 1103.494873
 719.173191 1103.440063
 720.087999 1103.388184
 721.002806 1103.385132
 721.917614 1103.430908
 722.832422 1103.519287
 723.747230 1103.519287
 724.662038 1103.604614
 725.576846 1103.665527
 726.491654 1103.565063
 727.406462 1103.574097
 728.321270 1103.574097
 729.236078 1103.406494
 730.150886 1103.369873
 731.065694 1103.388184
 731.980502 1103.275391
 732.895310 1103.226685
 733.810118 1103.302856
 734.724926 1103.296753
 735.639734 1103.296753
 736.554542 1103.287598
 737.469349 1103.241943
 738.384157 1103.333374
 739.298965 1103.275391
 740.213773 1103.391235
 741.128581 1103.464478
 742.043389 1103.333374
 742.958197 1103.208374
 743.873005 1103.208374
 744.787813 1103.107788
 745.702621 1103.123047
 746.617429 1103.241943
 747.532237 1103.138306
 748.447045 1103.193115
 749.361853 1102.806030
 750.276661 1102.720703
 751.191469 1102.720703
 752.106277 1102.644531
 753.021085 1102.513428
 753.935892 1102.440308
 754.850700 1102.357910
 755.765508 1102.336670
 756.680316 1102.379272
 757.595124 1102.339722
 758.509932 1102.418945
 759.424740 1102.418945
 760.339548 1102.516479
 761.254356 1102.553101
 762.169164 1102.607910
 763.083972 1102.485962
 763.998780 1102.592651
 764.913588 1102.534790
 765.828396 1102.543945
 766.743204 1102.543945
 767.658012 1102.504272
 768.572820 1102.403687
 769.487628 1102.406738
 770.402435 1102.376221
 771.317243 1102.290894
 772.232051 1102.342773
 773.146859 1102.199463
 774.061667 1102.190430
 774.976475 1102.172119
 775.891283 1102.178223
 776.806091 1102.263550
 777.720899 1102.242188
 778.555169 1102.217773
 779.469977 1102.187378
 780.384785 1102.196411
 781.299593 1102.166016
 782.214401 1102.166016
 783.129209 1102.147705
 784.044017 1102.162964
 784.958825 1102.172119
 785.873633 1102.166016
 786.788441 1102.166016
 787.703249 1102.233032
 788.618057 1102.178223
 789.532865 1102.169067
 790.447672 1102.129395
 791.362480 1102.120239
 792.277288 1102.098877
 793.192096 1102.056152
 794.106904 1102.056152
 795.021712 1102.114136
 795.936520 1102.086670
 796.851328 1102.074463
 797.766136 1102.071411
 798.680944 1102.059204
 799.595752 1102.056152
 800.510560 1102.025757
 801.425368 1102.062256
 802.340176 1102.062256
 803.254984 1102.074463
 804.169792 1102.056152
 805.084600 1102.074463
 805.999408 1102.080566
 806.914215 1102.059204
 807.829023 1102.043945
 808.743831 1102.043945
 809.658639 1102.043945
 810.573447 1101.979980
 811.488255 1101.946533
 812.403063 1101.952637
 813.317871 1101.961792
 814.232679 1101.967773
 815.147487 1101.973877
 816.062295 1101.952637
 816.977103 1101.940430
 817.891911 1101.940430
 818.806719 1101.909912
 819.721527 1101.906860
 820.636335 1101.885620
 821.551143 1101.897705
 822.465951 1101.897705
 823.380758 1101.870361
 824.295566 1101.855103
 825.210374 1101.852051
 826.125182 1101.830688
 827.039990 1101.794067
 827.954798 1101.830688
 828.869606 1101.848999
 829.784414 1101.845947
 830.699222 1101.830688
 831.614030 1101.809326
 832.528838 1101.812378
 833.443646 1101.842896
 834.358454 1101.815430
 835.273262 1101.803223
 836.188070 1101.791016
 837.102878 1101.742310
 838.017686 1101.742310
 838.932494 1101.687378
 839.847301 1101.708740
 840.762109 1101.672119
 841.676917 1101.693481
 842.591725 1101.699585
 843.506533 1101.733154
 844.421341 1101.723999
 845.336149 1101.723999
 846.250957 1101.730103
 847.165765 1101.736206
 848.080573 1101.705688
 848.995381 1101.723999
 849.910189 1101.733154
 850.824997 1101.727051
 851.739805 1101.723999
 852.654613 1101.684326
 853.569421 1101.684326
 854.484229 1101.647827
 855.399037 1101.644775
 856.313844 1101.666016
 857.228652 1101.769653
 858.143460 1101.733154
 859.058268 1101.855103
 859.973076 1101.955688
 860.887884 1101.955688
 861.802692 1102.092773
 862.717500 1102.166016
 863.632308 1102.169067
 864.547116 1102.220825
 865.461924 1102.364014
 866.376732 1102.281738
 867.291540 1102.263550
 868.206348 1102.181274
 869.121156 1102.190430
 870.035964 1102.159912
 870.950772 1102.043945
 871.865579 1102.141602
 872.780387 1102.248291
 873.695195 1102.172119
 874.610003 1102.175171
 875.524811 1102.260498
 876.439619 1102.260498
 877.273889 1102.418945
 878.188697 1102.229980
 879.103505 1102.223877
 880.018313 1102.223877
 880.933121 1102.223877
 881.847929 1102.263550
 882.762737 1102.312256
 883.677545 1102.303101
 884.592353 1102.510376
 885.507161 1102.668823
 886.421969 1102.629272
 887.336777 1102.531738
 888.251585 1102.531738
 889.166393 1102.324463
 890.081201 1102.281738
 890.996009 1102.184326
 891.910816 1102.287842
 892.825624 1102.336670
 893.740432 1102.351807
 894.655240 1102.409790
 895.570048 1102.281738
 896.484856 1102.394531
 897.399664 1102.388428
 898.314472 1102.269653
 899.229280 1102.312256
 900.144088 1102.315308
 901.058896 1102.315308
 901.973704 1102.360962
 902.888512 1102.257446
 903.803320 1102.077515
 904.718128 1102.351807
 905.632936 1102.108032
 906.547744 1102.019653
 907.462552 1101.976929
 908.377359 1101.967773
 909.292167 1102.034912
 910.206975 1102.034912
 911.121783 1101.998291
 912.036591 1102.095825
 912.951399 1102.141602
 913.866207 1102.129395
 914.781015 1102.010498
 915.695823 1101.937378
 916.610631 1102.089722
 917.525439 1102.086670
 918.440247 1102.175171
 919.355055 1102.239136
 920.269863 1102.141602
 921.184671 1102.141602
 922.099479 1102.074463
 923.014287 1102.028809
 923.929095 1101.976929
 924.843902 1101.998291
 925.758710 1101.943481
 926.673518 1101.830688
 927.588326 1101.806274
 928.503134 1101.855103
 929.417942 1101.906860
 930.332750 1101.906860
 931.247558 1101.861206
 932.162366 1101.873413
 933.077174 1101.873413
 933.991982 1101.873413
 934.906790 1101.815430
 935.821598 1101.675171
 936.736406 1101.681274
 937.651214 1101.791016
 938.566022 1101.748413
 939.480830 1101.812378
 940.395638 1101.787964
 941.310445 1101.787964
 942.225253 1101.751465
 943.140061 1101.662964
 944.054869 1101.571655
 944.969677 1101.547241
 945.884485 1101.440552
 946.799293 1101.312500
 947.714101 1101.343018
 948.628909 1101.501465
 949.543717 1101.556396
 950.458525 1101.602051
 951.373333 1101.611206
 952.288141 1101.605103
 953.202949 1101.605103
 954.117757 1101.635620
 955.032565 1101.614258
 955.947373 1101.477173
 956.862181 1101.416138
 957.776988 1101.501465
 958.691796 1101.333862
 959.606604 1101.276001
 960.521412 1101.172363
 961.436220 1101.221069
 962.351028 1101.151001
 963.265836 1101.065552
 964.180644 1101.053345
 965.095452 1101.016846
 966.010260 1101.007690
 966.925068 1101.016846
 967.839876 1101.013794
 968.754684 1101.026001
 969.669492 1101.029053
 969.753996 1101.029053
 970.668804 1101.026001
 971.583612 1101.016846
 972.498420 1101.016846
 973.413228 1101.016846
 974.328036 1101.041260
 975.242844 1101.053345
 976.157652 1101.096069
 977.072460 1101.096069
 977.987268 1101.065552
 978.902076 1101.172363
 979.816884 1101.151001
 980.731692 1101.242432
 981.646500 1101.312500
 982.561308 1101.242432
 983.476116 1101.239380
 984.390924 1101.361206
 985.305731 1101.458862
 986.220539 1101.327759
 987.135347 1101.419189
 988.050155 1101.483276
 988.964963 1101.388672
 989.879771 1101.480225
 990.794579 1101.556396
 991.709387 1101.516724
 992.624195 1101.410034
 993.539003 1101.349121
 994.453811 1101.391724
 995.368619 1101.370361
 996.283427 1101.346069
 997.198235 1101.474121
 998.113043 1101.324707
 999.027851 1101.272949
 999.942659 1101.291138
 1000.857467 1101.324707
 1001.772274 1101.218018
 1002.687082 1101.254639
 1003.601890 1101.385620
 1004.516698 1101.285034
 1005.431506 1101.318604
 1006.346314 1101.321655
 1007.261122 1101.321655
 1008.175930 1101.403931
 1009.090738 1101.489380
 1010.005546 1101.699585
 1010.920354 1101.519775
 1011.835162 1101.629517
 1012.749970 1101.489380
 1013.664778 1101.489380
 1014.579586 1101.541138
 1015.494394 1101.723999
 1016.409202 1101.723999
 1017.324010 1101.855103
 1018.238817 1101.693481
 1019.153625 1101.748413
 1020.068433 1101.614258
 1020.983241 1101.595947
 1021.898049 1101.598999
 1022.812857 1101.598999
 1023.727665 1101.739258
 1024.642473 1101.800171
 1025.557281 1101.909912
 1026.472089 1101.714844
 1027.386897 1101.635620
 1028.301705 1101.577759
 1029.216513 1101.577759
 1030.131321 1101.577759
 1031.046129 1101.562500
 1031.960937 1101.562500
 1032.875745 1101.568604
 1033.790553 1101.571655
 1034.705360 1101.474121
 1035.620168 1101.474121
 1036.534976 1101.461914
 1037.449784 1101.440552
 1038.364592 1101.440552
 1039.279400 1101.461914
 1040.194208 1101.410034
 1041.109016 1101.403931
 1042.023824 1101.403931
 1042.938632 1101.486328
 1043.853440 1101.489380
 1044.768248 1101.489380
 1045.683056 1101.483276
 1046.597864 1101.464966
 1047.512672 1101.464966
 1048.427480 1101.327759
 1049.342288 1101.480225
 1050.257096 1101.443604
 1051.171903 1101.443604
 1052.086711 1101.483276
 1053.001519 1101.455811
 1053.916327 1101.455811
 1054.831135 1101.474121
 1055.745943 1101.480225
 1056.660751 1101.449707
 1057.575559 1101.434448
 1058.490367 1101.464966
 1059.405175 1101.486328
 1060.319983 1101.486328
 1061.234791 1101.468018
 1062.149599 1101.495361
 1063.064407 1101.486328
 1063.979215 1101.498413
 1064.894023 1101.425293
 1065.808831 1101.507568
 1066.338048 1101.507568
 1067.252856 1101.522827
 1068.167664 1101.535034
 1069.082472 1101.513672
 1069.997280 1101.513672
 1070.912088 1101.510620
 1071.826896 1101.489380
 1072.741704 1101.538086
 1073.656512 1101.541138
 1074.571320 1101.571655
 1075.486128 1101.602051
 1076.400936 1101.623413
 1077.315744 1101.623413
 1078.230552 1101.574707
 1079.145360 1101.571655
 1080.060168 1101.595947
 1080.974976 1101.605103
 1081.889783 1101.617310
 1082.804591 1101.635620
 1083.719399 1101.635620
 1084.634207 1101.635620
 1085.549015 1101.656982
 1086.463823 1101.708740
 1087.378631 1101.681274
 1088.293439 1101.641724
 1089.208247 1101.690430
 1090.123055 1101.696533
 1091.037863 1101.696533
 1091.952671 1101.730103
 1092.867479 1101.708740
 1093.782287 1101.720947
 1094.697095 1101.745361
 1095.611903 1101.739258
 1096.526711 1101.733154
 1097.441519 1101.705688
 1098.356326 1101.705688
 1099.271134 1101.690430
 1100.185942 1101.666016
 1101.100750 1101.662964
 1102.015558 1101.687378
 1102.930366 1101.714844
 1103.845174 1101.736206
 1104.759982 1101.769653
 1105.674790 1101.760498
 1106.589598 1101.766602
 1107.504406 1101.781860
 1108.419214 1101.739258
 1109.334022 1101.775757
 1110.248830 1101.815430
 1111.163638 1101.827637
 1112.078446 1101.800171
 1112.993254 1101.824585
 1113.908061 1101.812378
 1114.822869 1101.839844
 1115.737677 1101.830688
 1116.652485 1101.855103
 1117.567293 1101.876465
 1118.482101 1101.897705
 1119.396909 1101.891602
 1120.311717 1101.885620
 1121.226525 1101.906860
 1122.141333 1101.909912
 1123.056141 1101.940430
 1123.970949 1101.940430
 1124.885757 1101.964844
 1125.800565 1101.964844
 1126.715373 1101.967773
 1127.630181 1101.946533
 1128.544989 1101.934326
 1129.459797 1101.949585
 1130.374604 1101.973877
 1131.289412 1102.001343
 1132.204220 1102.059204
 1133.119028 1102.059204
 1134.033836 1102.019653
 1134.948644 1102.041016
 1135.863452 1102.080566
 1136.778260 1102.086670
 1137.693068 1102.068359
 1138.607876 1102.089722
 1139.522684 1102.098877
 1140.437492 1102.098877
 1141.352300 1102.098877
 1142.267108 1102.111084
 1143.181916 1102.135498
 1144.096724 1102.111084
 1145.011532 1102.080566
 1145.926340 1102.108032
 1146.841147 1102.092773
 1147.755955 1102.080566
 1148.670763 1102.083618
 1149.585571 1102.126343
 1150.500379 1102.187378
 1151.415187 1102.187378
 1152.329995 1102.178223
 1153.244803 1102.172119
 1154.159611 1102.166016
 1155.074419 1102.141602
 1155.989227 1102.111084
 1156.904035 1102.101929
 1157.818843 1102.101929
 1158.733651 1102.104980
 1159.648459 1102.117188
 1160.563267 1102.114136
 1161.478075 1102.114136
 1162.392883 1102.126343
 1163.307690 1102.156860
 1164.222498 1102.129395
 1165.005358 1102.123291
 1165.920165 1102.138550
 1166.834973 1102.138550
 1167.749781 1102.156860
 1168.664589 1102.178223
 1169.579397 1102.153809
 1170.494205 1102.141602
 1171.409013 1102.144653
 1172.323821 1102.147705
 1173.238629 1102.153809
 1174.153437 1102.199463
 1175.068245 1102.211670
 1175.983053 1102.248291
 1176.897861 1102.229980
 1177.812669 1102.181274
 1178.727477 1102.181274
 1179.642285 1102.181274
 1180.557093 1102.202515
 1181.471901 1102.196411
 1182.386708 1102.214722
 1183.301516 1102.226929
 1184.216324 1102.245239
 1185.131132 1102.254395
 1186.045940 1102.229980
 1186.960748 1102.220825
 1187.875556 1102.214722
 1188.790364 1102.226929
 1189.705172 1102.217773
 1190.619980 1102.233032
 1191.534788 1102.245239
 1192.449596 1102.248291
 1193.364404 1102.233032
 1194.279212 1102.245239
 1195.194020 1102.257446
 1196.108828 1102.272583
 1197.023636 1102.290894
 1197.938444 1102.327515
 1198.853251 1102.327515
 1199.768059 1102.327515
 1200.682867 1102.293945
 1201.597675 1102.312256
 1202.512483 1102.327515
 1203.427291 1102.318359
 1204.342099 1102.296997
 1205.256907 1102.318359
 1206.171715 1102.318359
 1207.086523 1102.318359
 1208.001331 1102.293945
 1208.916139 1102.330566
 1209.830947 1102.330566
 1210.745755 1102.345825
 1211.660563 1102.367065
 1212.575371 1102.391479
 1213.490179 1102.397583
 1214.404987 1102.400635
 1215.319794 1102.388428
 1216.234602 1102.379272
 1217.149410 1102.373169
 1218.064218 1102.385376
 1218.979026 1102.385376
 1219.893834 1102.379272
 1220.808642 1102.406738
 1221.723450 1102.400635
 1222.638258 1102.397583
 1223.553066 1102.403687
 1224.467874 1102.403687
 1225.382682 1102.425049
 1226.297490 1102.473877
 1227.212298 1102.461670
 1228.127106 1102.467773
 1229.041914 1102.470825
 1229.956722 1102.489014
 1230.871530 1102.489014
 1231.786337 1102.501221
 1232.701145 1102.522583
 1233.615953 1102.525635
 1234.530761 1102.565308
 1235.445569 1102.604858
 1236.360377 1102.610962
 1237.275185 1102.604858
 1238.189993 1102.607910
 1239.104801 1102.580444
 1240.019609 1102.598755
 1240.934417 1102.598755
 1241.849225 1102.607910
 1242.764033 1102.620117
 1243.678841 1102.650635
 1244.593649 1102.662720
 1245.508457 1102.699341
 1246.423265 1102.711548
 1247.338072 1102.662720
 1248.252880 1102.674927
 1249.167688 1102.690186
 1250.082496 1102.684082
 1250.997304 1102.650635
 1251.912112 1102.705444
 1252.826920 1102.705444
 1253.741728 1102.760254
 1254.656536 1102.732910
 1255.571344 1102.729858
 1256.486152 1102.696289
 1257.400960 1102.748047
 1258.315768 1102.806030
 1259.230576 1102.812134
 1260.145384 1102.806030
 1261.060192 1102.812134
 1261.975000 1102.851807
 1262.889808 1102.885254
 1263.689559 1102.854858
 1264.604366 1102.854858
 1265.519174 1102.903564
 1266.433982 1102.867065
 1267.348790 1102.842651
 1268.263598 1102.864014
 1269.178406 1102.867065
 1270.093214 1102.839600
 1271.008022 1102.848755
 1271.922830 1102.888306
 1272.837638 1102.888306
 1273.752446 1102.927979
 1274.667254 1102.976685
 1275.582062 1102.976685
 1276.496870 1102.931030
 1277.411678 1102.927979
 1278.326486 1102.982788
 1279.241294 1103.010254
 1280.156102 1102.985840
 1281.070909 1103.013306
 1281.985717 1103.010254
 1282.900525 1103.019409
 1283.815333 1103.022461
 1284.730141 1103.040649
 1285.644949 1103.040649
 1286.559757 1103.049805
 1287.474565 1103.022461
 1288.389373 1103.043701
 1289.304181 1103.092529
 1290.218989 1103.092529
 1291.133797 1103.104736
 1292.048605 1103.098633
 1292.963413 1103.123047
 1293.878221 1103.123047
 1294.793029 1103.119995
 1295.707837 1103.144409
 1296.622645 1103.177979
 1297.537452 1103.187012
 1298.452260 1103.177979
 1299.367068 1103.211426
 1300.281876 1103.150513
 1301.196684 1103.174927
 1302.111492 1103.135254
 1303.026300 1103.116943
 1303.941108 1103.211426
 1304.855916 1103.223633
 1305.770724 1103.168823
 1306.685532 1103.229736
 1307.600340 1103.229736
 1308.515148 1103.278442
 1309.429956 1103.263184
 1310.344764 1103.193115
 1311.259572 1103.214478
 1312.174380 1103.214478
 1313.089188 1103.263184
 1314.003995 1103.266235
 1314.918803 1103.266235
 1315.833611 1103.278442
 1316.748419 1103.278442
 1317.663227 1103.296753
 1318.578035 1103.299805
 1319.492843 1103.281494
 1320.407651 1103.293701
 1321.322459 1103.260254
 1322.237267 1103.266235
 1323.152075 1103.275391
 1324.066883 1103.290649
 1324.981691 1103.302856
 1325.896499 1103.290649
 1326.811307 1103.302856
 1327.726115 1103.308960
 1328.640923 1103.299805
 1329.555731 1103.293701
 1330.470538 1103.324219
 1331.385346 1103.372925
 1332.300154 1103.385132
 1333.214962 1103.379028
 1334.129770 1103.369873
 1335.044578 1103.382080
 1335.959386 1103.397339
 1336.874194 1103.418701
 1337.789002 1103.418701
 1338.703810 1103.412598
 1339.618618 1103.406494
 1340.533426 1103.406494
 1341.448234 1103.397339
 1342.363042 1103.397339
 1343.277850 1103.403442
 1344.192658 1103.449219
 1345.107466 1103.443115
 1346.022274 1103.437012
 1346.937081 1103.433960
 1347.851889 1103.421753
 1348.766697 1103.467529
 1349.681505 1103.494873
 1350.596313 1103.507080
 1351.511121 1103.491821
 1352.425929 1103.497925
 1353.340737 1103.476562
 1354.255545 1103.494873
 1355.170353 1103.464478
 1356.085161 1103.516235
 1356.999969 1103.479614
 1357.914777 1103.528442
 1358.829585 1103.479614
 1359.744393 1103.479614
 1360.659201 1103.473511
 1361.574009 1103.507080
 1362.201826 1103.534546
 1363.116634 1103.519287
 1364.031442 1103.519287
 1364.946250 1103.519287
 1365.861058 1103.546753
 1366.775866 1103.543701
 1367.690674 1103.522339
 1368.605482 1103.519287
 1369.520290 1103.510132
 1370.435098 1103.531494
 1371.349906 1103.528442
 1372.264714 1103.519287
 1373.179522 1103.598511
 1374.094330 1103.598511
 1375.009138 1103.580200
 1375.923945 1103.583252
 1376.838753 1103.610718
 1377.753561 1103.638184
 1378.668369 1103.638184
 1379.583177 1103.595459
 1380.497985 1103.583252
 1381.412793 1103.574097
 1382.327601 1103.619873
 1383.242409 1103.610718
 1384.157217 1103.598511
 1385.072025 1103.598511
 1385.986833 1103.671631
 1386.901641 1103.720459
 1387.816449 1103.656372
 1388.731257 1103.668579
 1389.646065 1103.756958
 1390.560873 1103.781372
 1391.475681 1103.906372
 1392.390488 1103.869873
 1393.305296 1103.885010
 1394.220104 1103.915527
 1395.134912 1103.909424
 1396.049720 1104.040405
 1396.964528 1104.025146
 1397.879336 1104.025146
 1398.794144 1104.034302
 1399.708952 1104.003906
 1400.623760 1104.049561
 1401.538568 1104.016113
 1402.453376 1104.016113
 1403.368184 1103.985596
 1404.282992 1103.921631
 1405.197800 1103.973389
 1406.112608 1104.010010
 1407.027416 1104.010010
 1407.942224 1104.046509
 1408.857031 1104.040405
 1409.771839 1104.098389
 1410.686647 1104.107544
 1411.601455 1104.107544
 1412.516263 1104.135010
 1413.431071 1104.116699
 1414.345879 1104.141113
 1415.260687 1104.238647
 1416.175495 1104.302612
 1417.090303 1104.265991
 1418.005111 1104.329956
 1418.919919 1104.323975
 1419.834727 1104.293457
 1420.749535 1104.403198
 1421.664343 1104.320923
 1422.579151 1104.427612
 1423.493959 1104.302612
 1424.408767 1104.311768
 1425.323574 1104.415405
 1426.238382 1104.235596
 1427.153190 1104.305664
 1428.067998 1104.043457
 1428.982806 1104.159424
 1429.897614 1104.150269
 1430.812422 1103.982544
 1431.727230 1104.055664
 1432.642038 1104.040405
 1433.556846 1104.055664
 1434.471654 1103.948975
 1435.386462 1103.863770
 1436.301270 1103.900269
 1437.216078 1103.936890
 1438.130886 1103.903320
 1439.045694 1103.894165
 1439.960502 1103.897217
 1440.875310 1103.897217
 1441.790117 1103.900269
 1442.704925 1103.903320
 1443.619733 1103.897217
 1444.534541 1103.900269
 1445.449349 1103.930786
 1446.364157 1103.970337
 1447.278965 1103.942993
 1448.193773 1103.958130
 1449.108581 1103.982544
 1450.023389 1103.976440
 1450.938197 1103.967285
 1451.853005 1103.976440
 1452.767813 1104.000854
 1453.682621 1104.031250
 1454.597429 1104.025146
 1455.512237 1104.028198
 1456.427045 1104.025146
 1457.341853 1104.034302
 1458.256660 1104.034302
 1459.171468 1104.031250
