 0.000000 1167.527222
 0.999856 1167.536377
 1.999712 1167.572998
 2.999568 1167.627930
 3.980433 1167.627930
 4.980289 1167.612671
 5.980145 1167.627930
 6.980000 1167.673584
 7.979856 1167.731445
 8.862413 1167.731445
 9.862269 1167.746704
 10.862125 1167.737549
 11.861981 1167.734497
 12.861837 1167.774170
 13.861693 1167.771118
 14.847652 1167.798584
 15.847507 1167.822876
 16.847363 1167.825928
 17.847219 1167.816772
 18.847075 1167.844238
 19.846931 1167.832031
 20.830354 1167.810669
 21.830210 1167.822876
 22.830066 1167.844238
 23.829921 1167.914307
 24.829777 1167.960083
 25.829633 1167.917358
 26.795038 1167.926514
 27.794894 1167.987549
 28.794750 1167.981445
 29.794606 1167.972290
 30.794462 1167.984497
 31.794318 1167.990601
 32.772398 1167.969238
 33.772254 1167.938721
 34.772110 1167.938721
 35.771966 1167.932617
 36.771822 1167.993652
 37.771678 1168.033203
 38.405080 1168.033203
 39.404936 1168.075928
 40.404792 1168.063721
 41.404648 1168.069824
 42.404504 1168.075928
 43.404360 1168.109375
 44.288022 1168.133789
 45.287878 1168.118530
 46.287734 1168.118530
 47.287590 1168.109375
 48.287446 1168.121582
 49.287302 1168.127686
 50.287157 1168.139893
 50.304962 1168.139893
 51.304818 1168.112427
 52.304674 1168.121582
 53.304530 1168.100342
 54.304386 1168.115479
 55.304242 1168.164307
 56.293346 1168.170410
 57.293202 1168.170410
 58.293057 1168.170410
 59.292913 1168.142944
 60.292769 1168.158203
 61.292625 1168.149048
 62.237707 1168.152100
 63.237563 1168.155151
 64.237419 1168.176514
 65.237275 1168.167358
 66.237131 1168.130737
 67.236987 1168.167358
 68.236843 1168.170410
 68.324439 1168.170410
 69.324295 1168.164307
 70.324151 1168.179565
 71.324006 1168.194702
 72.323862 1168.179565
 73.323718 1168.194702
 74.226266 1168.167358
 75.226122 1168.176514
 76.225978 1168.206909
 77.225834 1168.261841
 78.225690 1168.298462
 79.225546 1168.274048
 80.216269 1168.292358
 81.216125 1168.267944
 82.215981 1168.277100
 83.215837 1168.277100
 84.215692 1168.261841
 85.215548 1168.335083
 86.037407 1168.365479
 87.037263 1168.374634
 88.037119 1168.371582
 89.036975 1168.374634
 90.036831 1168.392944
 91.036686 1168.429443
 91.840911 1168.444702
 92.840766 1168.402100
 93.840622 1168.432495
 94.840478 1168.453857
 95.840334 1168.469116
 96.840190 1168.490356
 97.761802 1168.496460
 98.761658 1168.557495
 99.761514 1168.560547
 100.761369 1168.566650
 101.761225 1168.557495
 102.761081 1168.557495
 103.658500 1168.557495
 104.658356 1168.545288
 105.658212 1168.517822
 106.658068 1168.551392
 107.657924 1168.618530
 108.657780 1168.606323
 109.657635 1168.630615
 109.677974 1168.630615
 110.677830 1168.633667
 111.677686 1168.633667
 112.677541 1168.591064
 113.677397 1168.572754
 114.677253 1168.636719
 115.660459 1168.621460
 116.660315 1168.621460
 117.660171 1168.636719
 118.660027 1168.624512
 119.659883 1168.609375
 120.659739 1168.600220
 121.659595 1168.581909
 121.689039 1168.581909
 122.688895 1168.615479
 123.688751 1168.624512
 124.688607 1168.645874
 125.688462 1168.651978
 126.688318 1168.636719
 127.688174 1168.597168
 127.696961 1168.597168
 128.696817 1168.588013
 129.696673 1168.581909
 130.696528 1168.594116
 131.696384 1168.600220
 132.696240 1168.600220
 133.691196 1168.609375
 134.691052 1168.673340
 135.690907 1168.664185
 136.690763 1168.630615
 137.690619 1168.630615
 138.690475 1168.651978
 139.673877 1168.642822
 140.673733 1168.636719
 141.673589 1168.655029
 142.673445 1168.667236
 143.673301 1168.697754
 144.673157 1168.700806
 145.646026 1168.700806
 146.645882 1168.703857
 147.645737 1168.764771
 148.645593 1168.746460
 149.645449 1168.740356
 150.645305 1168.746460
 151.645161 1168.722046
 151.650918 1168.722046
 152.650774 1168.737305
 153.650630 1168.731201
 154.650486 1168.789185
 155.650342 1168.789185
 156.650198 1168.862305
 157.650054 1168.853149
 157.652195 1168.853149
 158.652051 1168.886597
 159.651907 1168.895752
 160.651763 1168.862305
 161.651618 1168.932373
 162.651474 1168.920166
 163.596905 1168.923218
 164.596761 1168.923218
 165.596617 1168.968994
 166.596473 1168.975098
 167.596329 1168.975098
 168.596185 1168.978149
 169.533999 1168.962891
 170.533854 1168.981201
 171.533710 1169.005615
 172.533566 1169.029907
 173.533422 1169.029907
 174.533278 1169.148804
 175.533134 1169.023804
 175.566815 1169.023804
 176.566671 1169.054321
 177.566527 1169.032959
 178.566383 1169.072632
 179.566239 1169.221924
 180.566095 1169.075684
 181.565951 1169.097046
 181.584997 1169.097046
 182.584853 1169.097046
 183.584709 1169.072632
 184.584565 1169.109131
 185.584421 1169.106079
 186.584277 1169.115234
 187.584133 1169.103027
 187.585850 1169.103027
 188.585706 1169.127441
 189.585562 1169.145752
 190.585418 1169.145752
 191.585273 1169.106079
 192.585129 1169.142700
 193.522183 1169.078735
 194.522039 1169.099976
 195.521895 1169.133545
 196.521751 1169.148804
 197.521607 1169.097046
 198.521463 1169.097046
 199.504068 1169.121338
 200.503924 1169.145752
 201.503780 1169.127441
 202.503636 1169.136597
 203.503492 1169.118286
 204.503348 1169.133545
 205.486909 1169.161011
 206.486765 1169.145752
 207.486621 1169.157959
 208.486477 1169.157959
 209.486332 1169.185303
 210.486188 1169.228027
 211.442140 1169.240234
 212.441996 1169.286011
 213.441852 1169.276855
 214.441708 1169.231079
 215.441564 1169.276855
 216.441420 1169.258545
 217.260484 1169.292114
 218.260340 1169.282959
 219.260196 1169.249390
 220.260052 1169.240234
 221.259907 1169.258545
 222.259763 1169.322632
 223.163089 1169.298218
 224.162945 1169.337769
 225.162801 1169.337769
 226.162657 1169.371338
 227.162513 1169.362183
 228.162369 1169.343872
 229.162225 1169.353027
 229.166080 1169.353027
 230.165936 1169.328613
 231.165792 1169.328613
 232.165648 1169.368286
 233.165503 1169.353027
 234.165359 1169.410889
 235.082290 1169.398804
 236.082145 1169.398804
 237.082001 1169.438354
 238.081857 1169.435303
 239.081713 1169.441406
 240.081569 1169.416992
 241.044182 1169.416992
 242.044038 1169.383545
 243.043894 1169.386597
 244.043750 1169.459717
 245.043605 1169.459717
 246.043461 1169.444458
 246.973602 1169.459717
 247.973458 1169.490112
 248.973314 1169.474976
 249.973169 1169.478027
 250.973025 1169.505371
 251.972881 1169.520630
 252.972737 1169.514526
 253.124421 1169.514526
 254.124277 1169.511475
 255.124133 1169.514526
 256.123989 1169.523682
 257.123845 1169.532837
 258.123701 1169.560303
 259.123556 1169.569458
 259.447849 1169.569458
 260.447705 1169.615112
 261.447561 1169.642578
 262.447417 1169.694458
 263.447273 1169.718750
 264.447129 1169.651733
 265.446985 1169.709595
 265.575082 1169.709595
 266.574938 1169.697510
 267.574794 1169.727905
 268.574650 1169.694458
 269.574506 1169.676147
 270.574361 1169.651733
 271.574217 1169.624268
 271.696496 1169.624268
 272.696352 1169.636475
 273.696208 1169.660889
 274.696064 1169.700562
 275.695920 1169.718750
 276.695776 1169.721802
 277.695631 1169.752319
 277.696245 1169.752319
 278.696101 1169.770630
 279.695956 1169.782837
 280.695812 1169.797974
 281.695668 1169.791870
 282.695524 1169.810181
 283.601641 1169.776733
 284.601497 1169.831543
 285.601353 1169.868164
 286.601209 1169.865112
 287.601065 1169.862061
 288.600921 1169.834595
 289.476496 1169.840698
 290.476352 1169.828491
 291.476208 1169.843750
 292.476064 1169.874268
 293.475920 1169.901611
 294.475776 1169.913818
 295.348339 1169.898560
 296.348194 1169.916870
 297.348050 1169.953491
 298.347906 1169.974854
 299.347762 1169.956543
 300.347618 1169.959595
 301.319245 1169.962646
 302.319100 1169.935181
 303.318956 1169.929077
 304.318812 1169.974854
 305.318668 1170.020508
 306.318524 1169.993164
 307.318066 1170.005371
 308.317922 1170.020508
 309.317778 1170.029663
 310.317634 1170.038818
 311.317490 1170.047974
 312.317346 1170.063232
 313.317202 1170.051025
 313.321987 1170.051025
 314.321843 1170.051025
 315.321699 1170.078491
 316.321555 1170.069336
 317.321411 1170.075439
 318.321267 1170.057129
 319.193498 1170.041870
 320.193354 1170.041870
 321.193210 1170.096680
 322.193066 1170.087646
 323.192922 1170.105835
 324.192778 1170.090576
 325.055940 1170.093628
 326.055796 1170.087646
 327.055652 1170.066284
 328.055508 1170.124146
 329.055364 1170.157715
 330.055220 1170.194214
 331.055076 1170.175903
 331.064390 1170.175903
 332.064245 1170.151611
 333.064101 1170.114990
 334.063957 1170.087646
 335.063813 1170.139404
 336.063669 1170.160767
 337.063525 1170.249146
 337.121592 1170.249146
 338.121448 1170.270508
 339.121304 1170.325317
 340.121160 1170.374146
 341.121016 1170.441162
 342.120872 1170.438110
 343.120728 1170.435059
 343.278155 1170.435059
 344.278011 1170.435059
 345.277867 1170.444214
 346.277723 1170.468628
 347.277579 1170.477661
 348.277435 1170.486816
 349.275868 1170.495972
 350.275724 1170.462524
 351.275579 1170.453369
 352.275435 1170.474609
 353.275291 1170.468628
 354.275147 1170.477661
 355.275003 1170.505127
 355.327296 1170.505127
 356.327152 1170.495972
 357.327008 1170.489868
 358.326864 1170.483765
 359.326720 1170.489868
 360.326576 1170.514282
 361.281888 1170.499023
 362.281744 1170.505127
 363.281600 1170.505127
 364.281456 1170.462524
 365.281312 1170.447266
 366.281168 1170.432007
 367.281024 1170.425903
 367.546953 1170.425903
 368.546809 1170.416748
 369.546665 1170.413696
 370.546521 1170.404541
 371.546377 1170.453369
 372.546233 1170.428955
 373.546089 1170.453369
 373.662236 1170.453369
 374.662092 1170.489868
 375.661948 1170.557007
 376.661804 1170.505127
 377.661660 1170.572266
 378.661516 1170.553955
 379.661372 1170.541748
 379.737480 1170.541748
 380.737336 1170.541748
 381.737192 1170.526489
 382.737048 1170.523438
 383.736904 1170.560059
 384.736760 1170.614868
 385.736448 1170.569214
 386.736304 1170.721558
 387.736160 1170.617920
 388.736016 1170.623901
 389.735871 1170.617432
 390.735727 1170.630981
 391.684180 1170.651489
 392.684036 1170.730713
 393.683891 1170.718506
 394.683747 1170.764282
 395.683603 1170.797729
 396.683459 1170.752075
 397.637270 1170.752075
 398.637126 1170.791626
 399.636982 1170.819092
 400.636838 1170.852661
 401.636694 1170.816040
 402.636549 1170.809937
 403.625616 1170.867798
 404.625471 1170.889160
 405.625327 1170.904419
 406.625183 1170.886108
 407.625039 1170.892212
 408.624895 1170.910522
 409.571867 1170.919678
 410.571723 1170.867798
 411.571579 1170.806885
 412.571434 1170.800781
 413.571290 1170.800781
 414.571146 1170.803833
 415.496955 1170.822144
 416.496811 1170.819092
 417.496667 1170.831299
 418.496522 1170.867798
 419.496378 1170.864746
 420.496234 1170.855713
 421.496090 1170.898315
 421.523225 1170.898315
 422.523081 1170.901367
 423.522937 1170.889160
 424.522793 1170.828247
 425.522649 1170.861816
 426.522505 1170.812988
 427.522360 1170.843506
 427.571087 1170.843506
 428.570943 1170.876953
 429.570798 1170.944092
 430.570654 1170.910522
 431.570510 1170.944092
 432.570366 1171.020264
 433.529673 1171.066040
 434.529529 1171.044678
 435.529385 1171.026367
 436.529241 1171.008057
 437.529097 1171.008057
 438.528953 1171.023315
 439.441865 1171.050781
 440.441721 1171.078247
 441.441577 1171.160400
 442.441433 1171.160400
 443.441289 1171.160400
 444.441145 1171.139160
 445.434914 1171.193970
 446.434770 1171.255005
 447.434626 1171.376953
 448.434482 1171.514038
 449.434337 1171.413452
 450.434193 1171.279419
 451.385825 1171.209229
 452.385681 1171.264160
 453.385536 1171.251953
 454.385392 1171.248901
 455.385248 1171.242798
 456.385104 1171.215332
 457.348755 1171.221436
 458.348611 1171.206177
 459.348467 1171.212280
 460.348323 1171.273315
 461.348179 1171.273315
 462.348035 1171.340332
 463.279310 1171.343384
 464.279166 1171.343384
 465.279022 1171.383057
 466.278878 1171.434814
 467.278734 1171.447021
 468.278590 1171.428711
 469.249256 1171.489624
 470.249112 1171.526245
 471.248968 1171.535400
 472.248824 1171.498779
 473.248680 1171.520142
 474.248536 1171.453125
 475.215555 1171.431763
 476.215411 1171.428711
 477.215267 1171.395142
 478.215123 1171.422607
 479.214979 1171.437866
 480.214835 1171.465210
 481.167785 1171.450073
 482.167641 1171.459229
 483.167497 1171.471313
 484.167353 1171.483521
 485.167209 1171.532349
 486.167065 1171.605469
 487.075684 1171.593262
 488.075540 1171.572021
 489.075396 1171.599365
 490.075252 1171.614624
 491.075108 1171.623779
 492.074963 1171.611572
 492.989937 1171.629883
 493.989792 1171.639038
 494.989648 1171.632935
 495.989504 1171.639038
 496.989360 1171.623779
 497.989216 1171.602417
 498.989072 1171.602417
 499.053789 1171.602417
 500.053645 1171.645142
 501.053500 1171.639038
 502.053356 1171.596313
 503.053212 1171.578125
 504.053068 1171.596313
 505.029486 1171.575073
 506.029342 1171.559814
 507.029198 1171.578125
 508.029054 1171.572021
 509.028910 1171.626831
 510.028766 1171.608521
 511.028621 1171.669556
 511.114523 1171.669556
 512.114379 1171.687866
 513.114235 1171.690796
 514.114091 1171.690796
 515.113947 1171.681763
 516.113803 1171.733521
 517.113659 1171.721313
 517.120607 1171.721313
 518.120463 1171.742676
 519.120319 1171.794434
 520.120175 1171.715210
 521.120030 1171.718262
 522.119886 1171.770020
 523.116008 1171.785278
 524.115864 1171.803589
 525.115720 1171.773071
 526.115576 1171.803589
 527.115432 1171.815796
 528.115288 1171.803589
 529.083334 1171.818848
 530.083190 1171.824951
 531.083046 1171.849365
 532.082902 1171.834106
 533.082758 1171.803589
 534.082613 1171.812744
 534.935088 1171.809692
 535.934944 1171.831055
 536.934800 1171.901123
 537.934655 1171.913330
 538.934511 1171.907227
 539.934367 1171.901123
 540.934223 1171.910278
 541.163720 1171.910278
 542.163576 1171.870605
 543.163432 1171.876709
 544.163288 1171.843262
 545.163144 1171.898071
 546.163000 1171.904175
 547.160616 1171.904175
 548.160471 1171.931641
 549.160327 1171.971313
 550.160183 1171.959106
 551.160039 1171.968262
 552.159895 1172.013916
 553.158820 1172.035278
 554.158675 1172.023071
 555.158531 1172.016968
 556.158387 1172.035278
 557.158243 1172.026123
 558.158099 1172.050537
 559.141825 1172.071777
 560.141681 1172.065796
 561.141537 1172.035278
 562.141393 1172.105347
 563.141249 1172.117554
 564.141105 1172.132812
 565.140961 1172.135864
 565.157625 1172.135864
 566.157481 1172.151001
 567.157336 1172.199829
 568.157192 1172.193726
 569.157048 1172.154053
 570.156904 1172.157104
 571.131702 1172.196777
 572.131557 1172.263916
 573.131413 1172.230347
 574.131269 1172.230347
 575.131125 1172.251709
 576.130981 1172.248657
 577.103804 1172.297485
 578.103660 1172.303467
 579.103516 1172.312622
 580.103372 1172.388794
 581.103228 1172.410156
 581.765494 1172.394897
 582.765350 1172.394897
 583.765205 1172.404053
 584.765061 1172.404053
 585.764917 1172.367554
 585.770456 1172.367554
 586.770312 1172.373657
 587.770168 1172.376587
 588.770024 1172.385742
